
By Country
Afghanistan
nothing
Albania
2016
2019
2020
2021
2022
2024
2025
American Samoa
2015
2016
2017
2019
2021
2022
2023
2024
2025
nothing
Andorra
2013
2017
2018
2019
2020
2021
2022
2023
2024
2025
Argentina
2014
2015
2016
2017
2018
2019
2020
2022
2023
2024
2025
nothing
Australia
2011
2012
2013
2014
2015
2016
2017
2018
2019
2020
2021
2022
2023
2024
2025
nothing
Austria
2012
2018
2019
2020
2021
2022
2023
2024
2025
nothing
Bangladesh
2015
2016
2019
2020
2022
2023
2024
2025
nothing
Belarus
2019
2020
2021
2022
2024
2025
Belgium
2013
2017
2018
2019
2020
2021
2023
2024
2025
nothing
Bermuda
2015
2016
2019
2020
2021
2022
2023
2024
nothing
Bhutan
2014
2016
2017
2018
2019
2021
2022
2024
2025
Bolivia
2015
2016
2017
2018
2019
2020
2021
2022
2024
2025
nothing
Bosnia and Herzegovina
2024
2025
Botswana
2012
2013
2014
2016
2017
2019
2020
2021
2022
2024
2025
Brazil
2009
2011
2012
2013
2014
2015
2016
2017
2018
2019
2020
2021
2022
2023
2024
2025
nothing
British Indian Ocean Territory
nothing
Bulgaria
2013
2015
2016
2017
2018
2019
2020
2021
2022
2023
2024
2025
nothing
Cambodia
2014
2015
2016
2017
2019
2020
2021
2022
2023
2024
2025
nothing
Canada
2009
2010
2011
2012
2013
2014
2015
2016
2017
2018
2019
2020
2021
2022
2023
2024
2025
nothing
Chile
2013
2014
2015
2016
2019
2020
2023
2024
2025
nothing
China
2019
2020
2021
nothing
Christmas Island
nothing
Cocos (Keeling) Islands
nothing
Colombia
2013
2014
2015
2016
2019
2020
2023
2024
2025
nothing
Costa Rica
2020
2024
2025
nothing
Croatia
2012
2013
2014
2016
2019
2020
2021
2022
2023
2024
2025
nothing
Curaçao
2018
2019
2021
2022
2024
2025
nothing
Cyprus
2025
Czech Republic
2009
2010
2012
2013
2015
2017
2019
2020
2021
2022
2023
2024
2025
nothing
Denmark
2011
2012
2013
2014
2016
2017
2018
2019
2020
2021
2022
2023
2024
2025
nothing
Dominican Republic
2020
2021
2022
2024
2025
Ecuador
2015
2016
2017
2018
2019
2020
2021
2023
2024
2025
nothing
Egypt
nothing
Estonia
2012
2013
2014
2016
2017
2019
2020
2021
2022
2023
2024
2025
nothing
Eswatini
2013
2017
2018
2019
2020
2021
2022
2023
2024
2025
Falkland Islands
2025
nothing
Faroe Islands
2024
2025
nothing
Finland
2012
2013
2014
2016
2017
2018
2019
2020
2021
2022
2023
2024
2025
nothing
France
2009
2010
2011
2012
2013
2014
2016
2017
2018
2019
2020
2021
2022
2023
2024
2025
nothing
Germany
2010
2013
2019
2020
2021
2022
2023
2024
2025
nothing
Ghana
2017
2019
2021
2022
2024
2025
nothing
Gibraltar
2012
2015
2019
2020
2021
2022
2024
2025
Greece
2014
2015
2016
2017
2018
2019
2020
2021
2022
2023
2024
2025
nothing
Greenland
2015
2016
2019
2020
2021
2022
2024
2025
nothing
Guam
nothing
Guatemala
2017
2019
2021
2022
2023
2024
2024
2025
nothing
Hong Kong
2012
2013
2014
2017
2018
2019
2020
2021
2022
2023
2024
2025
nothing
Hungary
2013
2014
2016
2018
2019
2021
2022
2023
2024
2025
nothing
Iceland
2013
2017
2018
2019
2020
2021
2022
2023
2024
2025
India
2013
2014
2020
2023
2024
2025
nothing
Indonesia
2016
2017
2019
2020
2021
2022
2023
2024
2025
nothing
Iraq
2020
nothing
Ireland
2011
2012
2013
2014
2017
2019
2020
2022
2024
2025
nothing
Isle of Man
2011
2013
2014
2016
2017
2018
2019
2020
2021
2022
2023
2024
2025
nothing
Israel
2012
2013
2014
2015
2016
2017
2019
2020
2021
2022
2023
2024
2025
nothing
Italy
2010
2012
2013
2014
2016
2017
2018
2019
2020
2021
2022
2023
2024
2025
nothing
Japan
2009
2011
2012
2013
2014
2016
2018
2019
2020
2021
2022
2023
2024
2025
nothing
Jersey
2011
2013
2014
2016
2018
2019
2020
2021
2022
2024
2025
Jordan
2017
2018
2019
2020
2021
2022
2023
2024
nothing
Kazakhstan
2023
2024
2025
Kenya
2018
2019
2022
2023
2024
2025
nothing
Kyrgyzstan
2016
2017
2018
2019
2020
2021
2022
2023
2024
nothing
Laos
2014
2015
2016
2017
2018
2019
2020
2021
2022
2023
2024
2025
nothing
Latvia
2013
2014
2016
2019
2020
2021
2022
2023
2024
2025
nothing
Lebanon
2020
2023
2024
2025
nothing
Lesotho
2017
2019
2020
2021
2022
2023
2024
2025
Liechtenstein
2024
2025
Lithuania
2013
2014
2016
2019
2020
2021
2022
2024
2025
nothing
Luxembourg
2014
2017
2019
2020
2021
2022
2023
2024
2025
nothing
Macao
2013
2017
2018
2019
2021
2022
2024
Madagascar
2020
nothing
Malaysia
2013
2015
2016
2018
2019
2020
2021
2025
nothing
Mali
nothing
Malta
2016
2018
2019
2020
2021
2022
2024
nothing
Martinique
nothing
Mexico
2012
2013
2015
2016
2017
2018
2019
2020
2022
2023
2024
2025
nothing
Monaco
2013
2016
2019
2021
2024
Mongolia
2015
2016
2017
2018
2019
2021
2024
2025
nothing
Montenegro
2016
2019
2021
2024
2025
Namibia
2024
2025
Nepal
2020
2024
2025
nothing
Netherlands
2009
2010
2013
2015
2016
2018
2019
2020
2022
2023
2024
2025
nothing
New Zealand
2014
2015
2016
2017
2018
2019
2020
2021
2022
2023
2024
2025
nothing
Nigeria
2017
2019
2020
2021
2022
2024
2025
nothing
North Macedonia
2015
2016
2017
2019
2020
2021
2022
2024
Northern Mariana Islands
nothing
Norway
2010
2011
2012
2015
2016
2017
2018
2019
2020
2021
2022
2024
2025
Oman
2024
2025
Pakistan
nothing
Palestine
2012
2014
2017
2018
2019
2020
2021
2022
2024
nothing
Panama
2023
2024
2025
Paraguay
2025
Peru
2013
2014
2015
2016
2017
2019
2020
2022
2023
2024
2025
nothing
Philippines
2016
2017
2018
2019
2020
2022
2023
2024
2025
nothing
Pitcairn Islands
2013
2020
Poland
2012
2013
2014
2015
2016
2017
2018
2019
2020
2021
2022
2023
2024
2025
nothing
Portugal
2013
2014
2015
2017
2019
2020
2021
2023
2024
2025
nothing
Puerto Rico
2016
2019
2020
2021
2023
2024
2025
nothing
Qatar
2020
2022
2023
2024
2025
Romania
2013
2014
2017
2019
2020
2021
2022
2023
2024
Russia
2012
2013
2016
2017
2018
2019
2020
2021
2022
2024
2025
Rwanda
2022
2023
2024
2025
Réunion
nothing
Saint Pierre and Miquelon
2019
2020
2021
2022
2023
2024
San Marino
2012
2013
2016
2017
2018
2019
2020
2021
2022
2023
2024
Senegal
2017
2019
2020
2022
2023
2024
2025
nothing
Serbia
2014
2015
2016
2017
2019
2020
2021
2022
2024
Singapore
2019
2020
2021
2022
2023
2024
nothing
Slovakia
2012
2013
2014
2015
2018
2019
2020
2021
2023
2024
2025
Slovenia
2013
2014
2017
2019
2020
2022
2023
2024
nothing
South Africa
2009
2010
2011
2012
2014
2015
2016
2017
2018
2019
2020
2021
2022
2023
2024
2025
South Korea
2018
2019
2020
2021
2022
2024
nothing
Spain
2009
2010
2011
2012
2013
2014
2015
2016
2017
2018
2019
2020
2021
2022
2023
2024
2025
nothing
Sri Lanka
2016
2019
2020
2021
2022
2023
2024
2025
Svalbard and Jan Mayen
2020
nothing
Sweden
2011
2012
2013
2016
2017
2018
2019
2020
2021
2022
2023
2024
2025
nothing
Switzerland
2011
2012
2014
2015
2017
2019
2020
2021
2022
2024
2025
São Tomé and Príncipe
2023
2024
Taiwan
2011
2012
2013
2014
2015
2016
2017
2018
2019
2021
2022
2023
2024
2025
nothing
Tanzania
nothing
Thailand
2015
2016
2017
2019
2020
2021
2022
2023
2025
nothing
Tunisia
2016
2019
2020
2021
2022
2023
2024
Turkey
2014
2015
2016
2017
2018
2019
2020
2021
2022
2023
2024
2025
nothing
Uganda
2015
2019
2020
2021
2022
2023
2024
Ukraine
2012
2013
2014
2015
2016
2017
2018
2019
2020
2021
2022
2024
2025
nothing
United Arab Emirates
2014
2015
2016
2017
2019
2020
2021
2022
2023
2024
2025
nothing
United Kingdom
2009
2010
2011
2012
2013
2014
2015
2016
2017
2018
2019
2020
2021
2022
2023
2024
2025
nothing
United States
2009
2010
2011
2012
2013
2014
2015
2016
2017
2018
2019
2020
2021
2022
2023
2024
2025
nothing
United States Minor Outlying Islands
2012
2013
United States Virgin Islands
2016
2017
2019
2021
2022
2023
2024
Uruguay
2015
2016
2017
2019
2020
2024
Vanuatu
nothing
Vietnam
2016
2019
2020
2021
2024
2025
Åland
2009
2013
2016
2017
2018
2019
2020
2021
2022
2023
2024
2025
nothing
By Year
